5150642 6337844 10771998 10771999 10899850 10899851 10953242 10985980 11378274
11521032 16007017 16153846 16154511 16156593 16720756 16720757 16720864 18711062
20615544
20615545 20764540 20764541 20829425 20829441 21024640 21024642 21024648 21028630
21028631
21028646 21028647 21028704 21028705 21028706 21028707 21028728 21028729 21028730
21028731
21028732 21028733 21028734 21028735 21028736 21028737 21028818 21028819 21028826
21028827
21028836 21028837 21028838 21028839 21028840 21028841 21044212 21044213 21044214
21044218
21044233 21361215 21361216 21361217 21361218 21361219 21361220 21361222 21361223
21361228
21361229 21361232 21361233 21361236 21361237 21361245 21361246 21361247 21361248
21361249
21361250 21361251 21361252 21361266 21361267 22835673 22979380 23382747 23382748
23596680
25014394 25035003 25035005 25035007 25035009 25035011 25035013 25035015 25035017
25035019
25045269 44147122 53290019 53291313 53291327 53291343 53291411 53291443 53291473
53291971
53292027 53292085 53292185 53292239 53292303 53292625 53292751 53292801 53292805
53292837
53292847 53292891 53292893 53292895 53293033 53293035 53293049 53293067 53293081
53293083
53293377 53293391 53293411 53293535 53293549 53293697 53293761 53293821 53294342
53295432
53295433 53295542 53295543 53295576 53295577 53296029 53296036 53296038 53296225
53296226
53296239 53296240 53296295 53296301 53296302 53296319 53296677 53296715 53296873
53296947
53296979 53297013 53297047 53297099 53297174 53878088 54721371 54728828 57082975
57225931
57238834 57250070 57319055 57925459 57998580 57998581 58594422 58594439 58594442
58594458
58594471 58619314 58729635 58729636 58729638 58729641 58729644 58766579 58774092
58774093
58774096 58774097 58915137 58915138 58915140 58915141 58915143 58915144 58915153
58915154
58915975 58915976 58988348 58988349 58989153 59081339 59106996 59124982 59124983
59205798
59205799 59215111 59215387 59222668 59310589 59310590 59317603 59317607 59317611
59422510
59422511 59422528 59422529 59422558 59422559 59422560 59422561 59422566 59422567
59523115
59523116 59523120 59523121 59523396 59523397 59523424 59523539 59523540 59523591
59523592
59538789 59538790 59538796 59538797 59538801 59538802 59538803 59538804 59538805
59538806
59538817 59538818 59538843 59538844 59538850 59538851 59538887 59538913 59538914
59538917
59538918 59538919 59538923 59538924 59538927 59538932 59538933 59538934 59654888
59654891
59654893 59654895 59734675 59734676 59734701 59734702 59735693 59735700 59735710
59769837
59769838 59775686 59789624 59789625 59886014 59886048 59896172 59896173 59896176
59896177
59896190 59896191 60015145 60025104 60025116 60034120 60034127 60036568 60108747
60108748
60140857 67011034 71475856 71552509 71552512 71594818 72370542 72419793 72419794
72419796
72419797 72461608 72530920 72562701 76184772 88370203 89291042 89393283 89495928
90268683
90477560 90826537 91287324 91290227 91546628 91556803 91595594 91606519 91868645
91868647
91868648 91868649 91868650 100918399 101455837 101455838 101455840 101455841
101550185 101706659
101777188 101777191 101985222 101985223 102371625 102371626 117782599 118143480
118143494 118143520
118143775 118143935 118390105 118653107 118856448 123364623 123493296 123614274
123654688 123670665
126605368 129805769 129805770 130309256 130309268 131977218 132549437 132549438
133695247 133695422
133695459 133695868 133695882 133695898 133696080 133696094 133696110 134935244
135565173 135565175
135565177 135565486 135565488 135565492 135700149 135760736 135990447 135990454
135999435 136005521
136005522 136005523 136005524 136005526 136005527 136008011 136008012 136009971
136016256 136018585
136018586 136018587 136018588 136018589 136018590 136018591 136018592 136018593
136022470 136022472
136022473 136032262 136034587 136036998 136037003 136037009 136037014 136037015
136037020 136037033
136037034 136037039 136037040 136037076 136037079 136037080 136037093 136037094
136037105 136037106
136037107 136037108 136037111 136037112 136037113 136037122 136037123 136037125
136037147 136037156
136037157 136037168 136037195 136037199 136037204 136037205 136037209 136037226
136037237 136037238
136037241 136040038 136043168 136043169 136044476 136054630 136054631 136058897
136061565 136090171
136092162 136104100 136104101 136109194 136109281 136141931 136153672 136158770
136164091 136164094
136164097 136164099 136164101 136164103 136164105 136164107 136164108 136164110
136164113 136164115
136164116 136164117 136164119 136164120 136165027 136166475 136176349 136195774
136195782 136195788
136199140 136210846 136347173 136384800 136438025 136438027 136438034 136466951
136466960 136478636
136491962 136494959 136505138 136579352 136623132 136634912 136641514 136642171
136648478 136649430
136651869 136653415 136653730 136654604 136655414 136657713 136658985 136660870
136723438 136732164